0.6539348800001843
0.5172628064619721
0.4250571564856464
0.3800466446184279
0.3662961042066184
0.35135390531401867
0.3408429803645948
0.3399411043936322
0.3363804127680085
0.33385531482799674
0.33207079463215317
0.33284228219466283
0.33083685773878846
0.3281930714300191
0.32692123024713576
0.3255056487938727
0.32483305227935017
0.32629625015766567
0.3257544652842444
0.3253390485306151
0.32424915327803666
0.32393242493147856
0.32492402416596594
0.3238212346485173
0.32386335321452575
0.32524262264544473
0.32374186439442754
0.32445234747079765
0.32445860047903713
0.32370828136727336
