0.7419634367773547
0.44544507777768694
0.14427286221415261
0.06655261675130007
0.03852236237666677
0.03661947439212656
0.040400878315292696
0.018774416654235033
0.01811102779173259
0.013432001622740533
0.006647863478036328
0.00836461602819421
0.0073009029272108
0.006039044142447123
0.0003699936291925744
0.004525325026622462
0.004704474600257711
0.00018058864211574358
0.0032222358208929287
0.0005264043637851164
0.00022420753188130368
0.0031052535421842173
5.199341744486801e-06
1.1260307598973016e-06
1.0306424033475274e-07
1.0006302649613738e-06
4.0885153939805327e-07
0.0007581343011684809
3.904855738910269e-07
7.675370966343699e-05
