P2_R_CM_CC 0 536,2083,890,2389,0 633,1620,1043,1902,0 347,1233,653,1443,0 629,750,757,878,0 738,1161,890,1313,0 254,1781,350,1917,0 307,1051,419,1197,0 927,2081,1097,2299,0
P2_R_CM_MLO 0 828,2016,1154,2316,0 1069,1748,1321,1918,0 642,2264,780,2386,0 346,1499,638,1695,0 888,1558,1120,1790,0 590,1188,718,1316,0 724,1520,886,1666,0 634,1333,788,1463,0 308,1947,504,2085,0
P3_L_CM_CC 1 692,2119,1121,2334,0
P3_L_DM_MLO 1 381,1845,762,2192,0
P3_L_CM_CC 1 692,2119,1121,2334,0
P6_L_CM_MLO 0 195,987,434,1189,0
P7_L_CM_MLO 1 423,919,961,1514,0
P11_R_CM_CC 0 609,463,759,577,0
P11_R_CM_MLO 0 479,943,615,1091,0
P12_L_CM_MLO 1 980,1574,1152,1746,0 669,1238,769,1338,0
P12_L_CM_CC 1 425,521,565,623,0 924,1185,1064,1331,0
P13_R_CM_CC 0 790,2049,996,2255,0
P15_L_CM_MLO 0 553,891,759,1063,0
P16_R_DM_MLO 1 574,0,1079,535,0
P19_L_DM_MLO 0 692,1474,864,1638,0
P19_L_CM_CC 0 845,1217,1009,1381,0
P24_R_CM_MLO 1 257,1927,666,2280,0 643,2338,780,2457,0 826,2146,976,2296,0
P24_R_DM_CC 1 127,1522,462,1898,0 982,1973,1090,2115,0 693,1946,809,2085,0 413,2063,574,2224,0
P25_L_DM_MLO 0 872,1095,1012,1185,0 539,2016,1115,2502,0
P35_L_DM_MLO 0 678,2135,872,2267,0
P35_L_CM_CC 0 759,1425,926,1584,0
P37_L_DM_MLO 1 180,1137,650,1664,0 340,1315,518,1500,0 322,1506,469,1614,0
P37_L_DM_CC 1 279,1161,496,1349,0 385,1312,499,1483,0 123,1068,616,1563,0
P38_R_DM_CC 1 47,822,186,974,0
P38_R_CM_MLO 1 47,1336,272,1528,0
P40_L_DM_MLO 0 711,824,813,918,0
P40_L_DM_CC 0 388,468,498,544,0
P40_R_DM_CC 0 924,448,1142,666,0
P40_R_DM_MLO 0 749,1166,1001,1374,0
P44_R_CM_CC 0 318,383,645,651,0
P45_R_CM_CC 0 180,972,336,1152,0
P45_L_CM_MLO 0 14,1224,160,1356,0
P45_L_CM_CC 0 79,1617,203,1749,0
P45_R_CM_MLO 0 139,1323,301,1499,0
P47_R_DM_CC 1 401,241,1530,1396,0 184,1288,324,1456,0 659,1298,821,1430,0 523,999,687,1114,0
P55_R_DM_CC 1 426,308,857,644,0 349,1076,849,1453,0
P55_R_DM_MLO 1 490,936,854,1421,0 254,755,846,1372,0
P56_L_CM_MLO 1 310,1677,1421,2777,0
P60_L_DM_MLO 1 149,624,841,1253,0
P62_R_DM_MLO 0 1014,373,1166,481,0
P62_R_DM_CC 0 735,549,829,635,0 1319,513,1448,631,0
P62_L_DM_MLO 0 1015,749,1103,843,0 887,635,967,723,0
P62_L_CM_CC 0 350,693,460,803,0
P64_R_CM_CC 1 915,106,1221,299,0
P64_L_DM_MLO 0 518,412,628,532,0
P64_L_CM_CC 0 188,208,346,316,0
P65_L_CM_MLO 0 396,1384,618,1606,0
P66_R_CM_CC 1 331,919,520,1084,0
P66_R_CM_MLO 1 483,1614,681,1756,0
P66_L_CM_CC 1 60,976,322,1197,0
P66_L_CM_MLO 1 247,790,579,1267,0
P67_L_DM_CC 0 572,1725,670,1801,0
P67_R_CM_MLO 0 1017,1980,1142,2117,0
P68_L_CM_MLO 0 296,780,676,1064,0 625,997,903,1203,0 448,1290,542,1416,0
P68_L_CM_CC 0 231,311,549,509,0 414,486,536,584,0 296,531,418,637,0 209,595,293,687,0 404,574,704,874,0 975,1137,1149,1395,0 161,1338,303,1472,0
P72_R_CM_CC 1 246,1193,411,1336,0 45,772,236,1113,0
P77_R_DM_CC 0 861,640,1185,868,0
P81_L_DM_CC 0 170,358,290,488,0
P81_L_CM_MLO 0 669,432,787,526,0
P82_L_DM_MLO 1 0,317,306,694,0 8,650,434,1057,0 533,1064,695,1268,0 351,841,510,1106,0 479,830,547,917,0
P82_L_CM_CC 1 0,936,400,1356,0 371,762,493,919,0 95,820,197,925,0 157,888,361,1007,0
P89_R_CM_MLO 1 236,1285,625,1705,0
P89_R_CM_CC 1 361,524,853,906,0
P93_L_CM_MLO 1 91,757,1096,1276,0
P93_L_CM_CC 1 187,231,662,435,0
P94_R_CM_MLO 1 1225,1211,1608,1530,0
P94_R_CM_CC 1 1735,386,2227,866,0
P95_L_DM_CC 1 354,1013,703,1264,0
P96_R_DM_CC 1 666,1523,1110,1900,0
P96_R_CM_MLO 1 1141,1004,1283,1146,0 615,1529,993,1855,0
P97_L_DM_CC 1 7,157,167,314,0 251,617,648,924,0
P97_L_CM_MLO 1 853,1118,1145,1422,0 348,1007,573,1181,0
P99_R_DM_MLO 1 1213,615,2036,1317,0
P99_R_DM_CC 1 1711,380,2385,1145,0
P102_R_CM_MLO 1 695,1315,1097,1747,0
P102_R_CM_CC 1 518,1178,914,1619,0
P103_R_CM_CC 0 1504,503,1788,787,0
P103_R_CM_MLO 0 1072,1184,1344,1456,0
P105_R_CM_CC 1 667,1378,1141,1748,0 952,386,1149,559,0
P105_R_DM_MLO 1 647,1399,1106,1809,0
P106_L_CM_MLO 1 919,1199,1328,1612,0
P106_R_DM_CC 0 1446,178,1534,266,0 1498,55,1552,117,0
P107_R_CM_CC 1 494,1206,817,1650,0
P111_R_CM_MLO 1 680,829,899,1105,0
P113_L_DM_CC 1 101,1185,323,1426,0
P113_L_DM_MLO 1 22,1653,265,1932,0
P116_R_DM_CC 1 788,336,1338,818,0
P116_R_CM_MLO 1 659,775,1233,1210,0
P119_L_CM_CC 1 146,248,631,706,0 615,264,750,419,0 5,319,93,433,0 549,620,736,804,0
P119_L_CM_MLO 1 410,714,541,929,0 234,341,343,447,0 447,900,964,1385,0 74,511,255,708,0 5,118,56,349,0 900,1180,1070,1619,0 903,1033,1049,1190,0
P121_L_CM_CC 1 9,305,339,567,0
P122_L_CM_CC 1 18,909,281,1226,0 257,918,492,1184,0 547,879,755,1157,0
P122_L_CM_MLO 1 3,1792,316,2238,0 280,1874,531,2115,0 531,1792,822,2068,0
P122_R_DM_MLO 0 432,1152,710,1414,0
P122_R_CM_CC 0 441,656,814,975,0
P125_L_CM_MLO 0 1381,1315,1531,1473,0
P125_L_CM_CC 0 679,690,837,790,0
P126_L_DM_CC 1 6,290,472,861,0
P126_L_DM_MLO 1 280,438,908,927,0
P128_L_DM_CC 0 244,1344,480,1508,0
P128_L_CM_MLO 0 192,1186,354,1348,0
P129_L_CM_CC 1 535,1850,1034,2136,0
P129_L_CM_MLO 1 862,2006,1268,2371,0
P132_R_CM_MLO 0 764,535,1022,869,0
P134_R_DM_MLO 1 887,1429,1192,1716,0
P142_R_CM_MLO 0 1107,2856,1479,3157,0
P142_R_CM_CC 0 976,2522,1432,2732,0
P143_L_DM_CC 0 325,642,421,762,0
P146_R_DM_CC 1 285,1201,570,1415,0 619,1280,957,1475,0 848,1486,976,1640,0 947,1302,1397,1587,0 1037,1025,1424,1362,0
P146_R_CM_MLO 1 135,1977,346,2232,0 509,2084,788,2355,0 1225,1961,1436,2228,0 851,2005,1114,2279,0
P148_R_DM_CC 0 278,1561,522,1713,0 140,1317,234,1411,0 119,1425,263,1573,0
P148_R_DM_MLO 0 412,1921,616,2095,0 190,1808,292,1910,0 182,1925,306,1983,0
P149_R_CM_MLO 1 534,1448,662,1576,0 453,1765,671,1983,0 760,1200,946,1322,0
P149_R_CM_CC 1 349,1967,543,2161,0 678,1333,842,1445,0 699,1258,785,1318,0
P149_L_CM_CC 0 296,797,398,875,0 614,1118,724,1204,0 860,1270,1016,1388,0 961,1192,1039,1246,0 1059,1180,1153,1282,0
P149_L_DM_MLO 0 648,1319,748,1399,0 369,1013,469,1113,0 897,1442,1043,1562,0
P152_L_DM_CC 1 21,299,350,711,0
P152_L_CM_MLO 1 18,577,382,941,0
P153_L_CM_CC 0 294,1734,446,1820,0 1414,1205,1610,1401,0
P153_L_CM_MLO 0 606,868,748,995,0 1423,1524,1601,1702,0
P153_R_CM_MLO 0 1201,2108,1324,2218,0 820,2378,930,2470,0 581,1850,757,2026,0
P155_L_CM_MLO 1 246,1342,710,1646,0 196,1346,353,1460,0 250,1114,621,1374,0 293,971,650,1249,0 446,971,803,1203,0 635,1142,860,1503,0
P155_L_CM_CC 1 293,1258,659,1476,0 233,911,744,1249,0 161,605,580,965,0 643,694,952,990,0 385,382,580,612,0 545,542,722,820,0
P156_R_CM_CC 0 1413,713,1521,821,0
P161_R_DM_MLO 0 316,908,558,1150,0
P161_L_DM_CC 0 365,724,802,1082,0
P161_R_DM_CC 0 312,771,554,1035,0
P161_L_DM_MLO 0 622,709,995,1192,0
P163_R_CM_CC 1 169,930,967,1628,0
P165_R_CM_CC 0 1002,1618,1250,1866,0
P165_R_DM_MLO 0 760,1244,1012,1496,0
P171_L_CM_MLO 0 423,1462,605,1668,0
P172_R_CM_MLO 0 648,2034,1124,2510,0 472,2250,862,2546,0 815,1814,1003,1980,0 662,2074,992,2286,0
P172_L_CM_CC 1 11,2346,268,2711,0 299,1771,880,2341,0 1304,1455,1616,1814,0 1041,1696,1315,1906,0 746,1707,1181,2158,0 168,2308,407,2525,0
P172_L_CM_MLO 1 13,2128,427,2646,0 431,2044,1811,2963,0
P172_R_CM_CC 0 517,1380,919,1792,0 739,1131,1213,1543,0 800,1088,1016,1212,0 1058,1074,1202,1270,0 1287,841,1733,1277,0
P174_L_DM_CC 1 284,473,432,617,0
P174_L_CM_MLO 1 905,890,1058,1011,0
P177_R_CM_MLO 1 795,1372,1070,1614,0 278,1273,727,1642,0
P177_L_CM_CC 0 173,1611,303,1735,0
P177_R_DM_CC 1 686,802,962,1040,0 496,376,1011,889,0
P177_L_CM_MLO 0 285,1722,389,1812,0
P180_R_DM_CC 1 741,1426,1132,1866,0
P180_R_CM_MLO 1 623,758,1037,1151,0
P183_L_CM_MLO 1 492,1181,1042,1740,0
P183_L_CM_CC 1 502,469,854,870,0
P188_R_CM_CC 1 636,902,1081,1540,0
P188_R_CM_MLO 1 340,1264,1040,1760,0
P189_L_DM_CC 0 245,214,393,284,0 404,513,832,707,0 642,637,1022,941,0 908,871,1072,1041,0 440,1258,556,1374,0
P190_L_CM_MLO 1 157,981,490,1309,0
P190_L_CM_CC 1 327,228,714,512,0
P191_R_CM_CC 0 143,977,345,1195,0
P191_L_CM_CC 1 115,1169,237,1265,0 344,675,573,862,0 509,823,794,1026,0 910,673,999,766,0 522,1043,788,1302,0 829,1084,951,1184,0 244,799,311,873,0 363,940,507,1088,0
P191_R_DM_MLO 0 351,2050,547,2292,0
P191_L_DM_MLO 1 694,1591,900,1786,0 583,1694,774,1896,0 419,1547,647,1720,0 579,1482,704,1607,0 242,1559,462,1779,0 694,1866,904,2069,0 867,1855,981,1955,0 1095,1565,1194,1697,0
P193_L_CM_MLO 0 369,1178,493,1260,0
P196_R_CM_MLO 1 795,2071,1002,2207,0 1051,1036,1220,1273,0 433,731,885,1168,0
P196_L_CM_CC 0 787,288,927,397,0
P205_L_CM_MLO 1 9,698,287,969,0
P206_L_DM_MLO 1 354,1141,568,1293,0
P206_L_CM_CC 1 87,885,247,1016,0
P207_L_DM_CC 1 374,848,805,1372,0
P207_L_DM_MLO 1 532,1481,1024,1879,0
P208_R_CM_MLO 1 634,747,762,883,0
P209_L_DM_CC 1 5,544,333,1041,0
P209_L_DM_MLO 1 60,534,525,1078,0
P210_L_CM_MLO 0 600,1468,706,1574,0
P210_L_DM_CC 0 482,630,582,730,0
P211_L_DM_MLO 1 157,884,391,1140,0 125,1496,423,1740,0 12,1644,210,1884,0
P211_L_DM_CC 1 305,745,513,993,0 353,495,643,759,0 16,56,244,280,0
P212_L_DM_MLO 1 415,1019,1007,2109,0 271,412,580,674,0 144,283,353,497,0 47,8,365,237,0
P212_L_DM_CC 1 281,660,1018,1877,0
P213_L_DM_CC 1 28,799,270,923,0 367,636,927,1058,0 194,975,899,1594,0 214,270,768,661,0
P213_L_CM_MLO 1 563,983,1005,1826,0 896,1455,1076,1894,0 143,1481,713,1796,0 23,799,578,1230,0
P215_L_DM_CC 1 28,310,511,641,0
P216_R_DM_MLO 1 638,930,911,1200,0 664,735,960,964,0 803,454,1009,660,0 948,319,1148,664,0 919,86,1144,383,0 285,1684,675,2224,0 533,1736,1088,2194,0 271,1290,770,1815,0
P216_R_CM_CC 1 186,1038,694,1425,0 325,1249,874,1559,0 279,682,781,1103,0
P217_L_DM_CC 0 125,904,271,1056,0
P217_L_DM_MLO 0 480,830,596,928,0
P221_L_CM_CC 1 960,864,1151,1111,0 235,530,406,625,0 108,438,227,542,0 434,430,625,633,0 697,665,840,792,0
P223_L_DM_MLO 1 549,1193,925,1552,0 714,1552,896,1722,0 363,950,537,1115,0 533,1032,718,1156,0
P223_L_CM_CC 1 323,161,634,419,0 66,446,233,554,0 581,299,757,494,0 416,389,548,485,0 57,371,183,440,0 6,153,209,272,0
P228_R_DM_MLO 0 378,1329,540,1491,0
P228_R_CM_CC 0 436,523,580,637,0
P229_R_DM_MLO 0 593,1051,763,1151,0
P232_L_CM_CC 1 326,818,683,1109,0
P232_L_CM_MLO 1 728,1164,1042,1537,0
P238_R_CM_CC 0 973,1770,1168,1986,0
P238_R_DM_MLO 0 1121,1625,1331,1855,0
P239_R_CM_CC 1 68,884,515,1307,0 267,592,534,773,0 245,1215,558,1611,0
P239_R_CM_MLO 1 191,1239,514,1581,0 385,1358,796,1730,0 230,906,614,1429,0
P241_R_CM_CC 0 1154,2031,1290,2129,0
P243_R_CM_MLO 1 348,1051,850,1405,0 447,998,634,1116,0
P246_R_CM_MLO 1 351,1070,742,1382,0 123,1291,531,1669,0
P247_L_DM_MLO 1 396,1564,681,1790,0 645,1797,797,1934,0
P248_L_CM_MLO 0 1268,1694,1493,1914,0
P248_L_DM_CC 0 1258,658,1466,831,0
P251_R_DM_MLO 1 1018,1141,1122,1245,0 1164,464,1260,576,0 599,1791,761,1884,0
P251_R_DM_CC 1 188,1676,329,1757,0 1103,940,1239,1060,0
P254_R_CM_MLO 1 388,941,701,1089,0
P254_R_CM_CC 1 835,542,1110,709,0
P255_L_CM_CC 1 3,774,74,1135,0
P255_L_CM_MLO 1 20,536,378,1004,0
P257_R_CM_CC 1 449,1603,649,1768,0
P257_R_CM_MLO 1 638,1934,830,2154,0
P259_L_CM_MLO 1 308,855,745,1181,0 687,1137,806,1291,0
P259_L_DM_CC 1 175,175,293,293,0 11,234,294,487,0
P260_R_DM_CC 1 527,1306,742,1569,0 423,842,749,1142,0 682,790,887,942,0 764,534,979,801,0
P260_R_CM_MLO 1 444,1868,700,2036,0 121,1470,528,1893,0 159,1198,578,1546,0
P262_L_CM_MLO 1 181,1653,354,1834,0
P263_R_CM_MLO 1 119,811,466,1336,0
P263_R_CM_CC 1 283,980,528,1212,0
P264_L_DM_CC 1 15,251,568,812,0
P264_L_DM_MLO 1 279,1004,987,1498,0
P265_R_CM_CC 1 651,1579,859,1748,0
P266_R_DM_CC 1 1062,255,1643,681,0
P266_R_DM_MLO 1 683,878,1285,1358,0
P267_L_CM_MLO 1 913,1794,1191,2195,0 889,1520,1135,1837,0 691,1183,1131,1583,0
P267_L_CM_CC 1 982,943,1344,1360,0 695,880,1095,1142,0 544,550,960,905,0
P268_L_DM_CC 1 9,903,276,1132,0
P268_L_CM_MLO 1 180,696,420,930,0
P269_L_CM_CC 1 422,1126,1050,1633,0
P269_L_CM_MLO 1 252,1807,855,2274,0
P271_R_DM_CC 0 87,1198,179,1274,0
P271_L_CM_MLO 1 473,1494,678,1692,0 713,1921,937,2123,0 774,1753,976,1924,0
P271_R_DM_MLO 0 308,2338,388,2418,0
P271_L_DM_CC 1 314,492,550,731,0 747,1424,933,1649,0 687,1350,869,1529,0
P273_L_CM_MLO 1 584,1579,1108,1987,0
P273_L_DM_CC 1 472,944,937,1372,0
P274_L_CM_MLO 1 328,606,556,837,0
P274_L_CM_CC 1 382,596,638,791,0 4,1246,61,1448,0
P275_L_DM_CC 1 9,310,254,737,0 217,393,428,632,0 12,96,121,818,0
P275_L_DM_MLO 1 478,1057,769,1247,0 409,842,651,1043,0 392,593,658,859,0
P276_L_CM_MLO 1 629,1279,1126,1813,0
P276_L_DM_CC 1 332,777,914,1280,0
P277_L_CM_CC 1 153,400,767,1054,0
P277_L_DM_MLO 1 315,911,767,1662,0 8,409,56,657,0 8,150,124,285,0
P278_L_DM_CC 1 17,680,607,1294,0
P278_L_CM_MLO 1 172,640,839,1311,0
P280_L_DM_MLO 1 3,450,317,921,0 223,374,456,625,0 245,254,402,383,0 420,338,561,447,0 81,978,610,1576,0 21,1364,208,1582,0 263,788,586,1029,0 178,483,613,884,0
P280_L_CM_CC 1 259,318,372,420,0 25,192,205,360,0 13,324,299,550,0 11,446,366,781,0 167,269,313,349,0
P281_R_CM_MLO 1 229,1071,820,1581,0
P281_R_CM_CC 1 897,1671,1061,1881,0 398,528,911,1002,0
P283_L_CM_CC 1 59,1839,326,2063,0
P283_L_CM_MLO 1 7,2180,194,2433,0
P284_R_CM_MLO 0 299,323,387,411,0
P284_R_CM_CC 0 971,545,1101,637,0
P285_L_CM_MLO 0 320,1806,546,2048,0
P285_L_DM_CC 0 475,1595,717,1807,0
P287_R_DM_MLO 0 412,752,476,816,0 639,631,735,727,0
P287_R_DM_CC 0 1344,384,1424,434,0 1051,239,1123,305,0
P287_L_CM_CC 1 792,1267,1004,1500,0 310,266,404,320,0
P289_R_DM_MLO 1 202,1063,337,1140,0 328,1410,466,1548,0 273,1333,405,1423,0 324,1080,478,1247,0
P289_R_DM_CC 1 407,415,498,478,0 409,715,542,800,0 380,650,460,724,0 279,957,353,1020,0
P290_R_CM_CC 1 146,742,362,961,0 289,458,649,777,0
P290_R_DM_MLO 1 191,1827,371,2021,0 237,1445,573,1803,0
P291_R_CM_CC 1 226,970,521,1279,0 146,1293,261,1397,0 94,1376,156,1456,0 494,633,803,820,0
P291_R_CM_MLO 1 97,1105,565,1801,0 454,868,664,1082,0 635,382,739,486,0
P292_R_DM_CC 1 339,1043,570,1274,0
P292_R_CM_MLO 1 285,1442,621,1723,0
P293_R_CM_MLO 0 403,519,673,789,0
P293_R_DM_CC 0 937,255,1159,531,0
P294_R_CM_CC 0 633,1469,813,1625,0
P294_R_DM_MLO 0 834,1970,1016,2114,0
P295_L_DM_CC 0 58,155,200,297,0
P295_L_CM_MLO 0 715,849,863,973,0
P296_L_DM_CC 1 98,382,270,522,0 338,1629,465,1730,0 368,1218,497,1335,0 6,1043,47,1131,0 806,1144,892,1201,0
P296_L_CM_MLO 1 112,779,277,919,0 87,1441,219,1536,0 286,1250,445,1365,0 561,1567,626,1623,0
P299_R_DM_CC 1 552,1407,964,1820,0
P301_L_DM_CC 0 1434,1213,1578,1331,0 1127,2036,1357,2198,0 1458,2087,1560,2163,0 223,1433,923,1981,0
P301_L_DM_MLO 0 1398,1518,1542,1618,0 1165,1711,1409,1891,0 718,858,1353,1284,0
P302_L_CM_MLO 0 589,665,1253,1266,0
P302_L_CM_CC 0 14,627,718,1274,0
P303_L_CM_MLO 1 361,1083,680,1347,0
P303_L_DM_CC 1 9,840,400,1064,0
P304_R_DM_MLO 1 494,891,880,1245,0 195,1082,678,1822,0
P304_R_DM_CC 1 638,475,964,742,0 225,676,791,1165,0
P307_L_CM_CC 1 272,695,787,1311,0 92,720,316,935,0 70,1226,237,1381,0 9,999,739,1766,0
P307_L_CM_MLO 1 63,1452,329,1627,0 105,1840,238,1987,0 206,1557,707,1854,0 703,1419,828,1781,0 430,1245,721,1651,0
P308_L_CM_MLO 1 8,1227,812,2089,0
P308_L_CM_CC 1 45,1429,819,2266,0
P309_R_CM_MLO 0 163,1534,547,1886,0 159,1898,469,2150,0
P309_R_DM_CC 0 258,1665,588,1937,0 214,1335,594,1649,0
P310_L_CM_CC 1 1203,1353,1383,1541,0 1274,1067,1462,1330,0 973,932,1394,1304,0 650,406,1221,1022,0 331,331,819,872,0 293,271,410,387,0 321,853,868,1083,0 347,283,676,510,0
P310_L_DM_MLO 1 346,1021,469,1121,0 751,1421,1009,1656,0 897,955,1275,1456,0 732,770,1075,1144,0 372,1070,733,1347,0 1109,1417,1479,2033,0
P311_L_CM_CC 0 179,510,389,672,0 1459,895,1973,1585,0 1602,889,1960,1274,0 1757,1264,1987,1554,0 1699,1595,1889,1851,0 1689,1730,1875,2000,0
P311_L_DM_MLO 0 829,771,1053,925,0 1863,1569,2125,1947,0 1820,1635,2168,2145,0 1832,1959,2136,2179,0
P312_L_CM_CC 1 865,1627,1077,1904,0
P312_L_CM_MLO 1 531,2095,782,2285,0
P314_L_CM_CC 1 1223,323,1389,500,0 500,1254,1174,1881,0
P314_L_DM_MLO 1 1735,1029,1923,1181,0 759,1905,1399,2476,0
P315_L_DM_CC 1 28,1324,386,1694,0 119,605,221,701,0 847,1311,943,1421,0
P315_L_DM_MLO 1 762,1827,864,1967,0 177,843,652,1243,0
P316_L_CM_MLO 1 391,912,879,1432,0
P316_L_CM_CC 1 18,70,516,516,0
P317_L_DM_CC 1 13,1483,424,1897,0
P317_L_DM_MLO 1 12,1302,249,1840,0
P318_R_CM_MLO 1 331,1310,707,1601,0 250,1660,383,1822,0
P318_R_CM_CC 1 347,555,707,807,0 161,799,389,946,0
P319_R_CM_MLO 0 765,1793,1033,1979,0
P319_R_DM_CC 0 1178,2127,1446,2297,0
P319_L_DM_MLO 0 767,1579,1225,2037,0 760,1967,1182,2537,0 453,1467,846,2084,0 609,2083,755,2213,0
P319_L_CM_CC 0 480,854,1028,1210,0 825,696,1459,1161,0 920,1028,1073,1272,0 1020,1165,1525,1712,0
P322_L_CM_CC 1 716,1051,1242,1570,0 670,533,810,619,0
P322_L_CM_MLO 1 729,1211,1340,2026,0 911,1119,1097,1229,0
P323_L_CM_MLO 1 328,571,727,979,0
P323_L_DM_CC 1 7,320,267,698,0
P325_R_CM_MLO 0 535,916,631,1018,0 422,1224,525,1349,0
P325_R_DM_CC 0 374,604,464,691,0 570,1351,698,1457,0