0.6199704701789899
0.28131165330657315
0.08911024661786775
0.058280765983873904
0.04928265504809921
0.04726420144159186
0.029411136712833384
0.023674796122214736
0.0158137798515099
0.020686129493955242
0.003188350518335221
0.013584119810477434
0.005113853828556921
0.011902628795045915
0.0008683604732093558
0.002544861966678677
0.010115291215284258
0.0006135168043611764
0.0008380041563607432
1.0276579382477156e-06
1.418410329339522e-06
0.00011113390966625898
1.7483027898927917e-06
0.0006736350014317932
0.00039807600892098426
0.00024057536828267254
5.542881474699051e-07
4.523489317519026e-06
2.742586583551374e-07
2.8512149747237776e-07
