0.5796910223746349
0.2122719022140465
0.09896136691019103
0.05878146865517712
0.04711270241282723
0.04720609486855877
0.027007404123410853
0.024398133148985934
0.01776330696055018
0.0179236269321004
0.0045366446076367485
0.008024052272303397
0.003494056790979358
0.002121157157128358
0.0024062109925075824
0.006206084896720538
0.0015967889911433992
0.0010621697937860104
2.3621203367538838e-06
1.103420241423263e-06
0.0006011672939892647
2.249458819989136e-05
6.422238836391816e-07
8.754907503326345e-05
1.7452769918903237e-05
8.968095065111571e-07
1.1715998697826205e-06
1.5437507047795453e-07
7.004937946346539e-07
5.127307396451274e-07
